Sl.No, n, c, d, q, Total Flow, Total Utility
1, 50, 10, 20, 40, 40.0, 24.131238850756993
2, 50, 10, 20, 40, 40.0, 30.383283622483162
3, 50, 10, 20, 40, 40.0, 22.943823892591656
4, 50, 10, 20, 40, 40.0, 24.182565828508974
5, 50, 10, 20, 40, 40.0, 31.489835650156817
6, 50, 10, 20, 40, 40.0, 17.484676752226925
7, 50, 10, 20, 40, 40.0, 23.29086814404584
8, 50, 10, 20, 40, 40.0, 26.73468535906285
9, 50, 10, 20, 40, 40.0, 26.14300423576977
10, 50, 10, 20, 40, 40.0, 26.66227988141271
11, 50, 10, 20, 40, 40.0, 27.63847082308111
12, 50, 10, 20, 40, 40.0, 27.22027408851258
13, 50, 10, 20, 40, 40.0, 21.561637105535844
14, 50, 10, 20, 40, 40.0, 35.470421102977724
15, 50, 10, 20, 40, 40.0, 34.8540962392577
16, 50, 10, 20, 40, 40.0, 26.352155240481412
17, 50, 10, 20, 40, 40.0, 23.67781513672538
18, 50, 10, 20, 40, 40.0, 17.20387307075391
19, 50, 10, 20, 40, 40.0, 34.26628365984039
20, 50, 10, 20, 40, 40.0, 32.21008430288204
21, 50, 10, 20, 40, 40.0, 26.88823836992642
22, 50, 10, 20, 40, 40.0, 24.099117348522885
23, 50, 10, 20, 40, 40.0, 24.164757882092488
24, 50, 10, 20, 40, 40.0, 29.068407875012795
25, 50, 10, 20, 40, 40.0, 20.245778687219392
26, 50, 10, 20, 40, 40.0, 26.75803566168513
27, 50, 10, 20, 40, 40.0, 33.72977047634216
28, 50, 10, 20, 40, 40.0, 34.11283924699299
29, 50, 10, 20, 40, 40.0, 30.678731500302288
30, 50, 10, 20, 40, 40.0, 29.064660668992435
31, 50, 10, 20, 40, 40.0, 18.225541024880954
32, 50, 10, 20, 40, 40.0, 20.926458269326897
33, 50, 10, 20, 40, 40.0, 19.217539383407786
34, 50, 10, 20, 40, 40.0, 34.66113781304353
35, 50, 10, 20, 40, 40.0, 30.62713839258665
36, 50, 10, 20, 40, 40.0, 35.185383806726485
37, 50, 10, 20, 40, 40.0, 20.823951065374878
38, 50, 10, 20, 40, 40.0, 25.378977676081472
39, 50, 10, 20, 40, 40.0, 20.78834403177461
40, 50, 10, 20, 40, 40.0, 29.09450560319926
41, 50, 10, 20, 40, 40.0, 30.601903046479496
42, 50, 10, 20, 40, 40.0, 30.23113111580815
43, 50, 10, 20, 40, 40.0, 20.389692314902046
44, 50, 10, 20, 40, 40.0, 32.87541167722097
45, 50, 10, 20, 40, 40.0, 13.038111040223884
46, 50, 10, 20, 40, 40.0, 28.334103427311568
47, 50, 10, 20, 40, 40.0, 26.048213042990252
48, 50, 10, 20, 40, 40.0, 34.33229352262536
49, 50, 10, 20, 40, 40.0, 14.830491186853315
50, 50, 10, 20, 40, 40.0, 23.21723038345649
51, 50, 10, 20, 40, 40.0, 28.74741236349732
52, 50, 10, 20, 40, 40.0, 34.29627734909918
53, 50, 10, 20, 40, 40.0, 19.640965239404338
54, 50, 10, 20, 40, 40.0, 25.065632340368943
55, 50, 10, 20, 40, 40.0, 29.38519921072685
56, 50, 10, 20, 40, 40.0, 19.16387431838596
57, 50, 10, 20, 40, 40.0, 30.155606278582905
58, 50, 10, 20, 40, 40.0, 28.611318271992317
59, 50, 10, 20, 40, 40.0, 27.998483935126995
60, 50, 10, 20, 40, 40.0, 27.01221250536139
61, 50, 10, 20, 40, 40.0, 22.89028965319165
62, 50, 10, 20, 40, 40.0, 17.8836621090794
63, 50, 10, 20, 40, 40.0, 26.5627914973455
64, 50, 10, 20, 40, 40.0, 16.663613078835322
65, 50, 10, 20, 40, 40.0, 23.26000230668779
66, 50, 10, 20, 40, 40.0, 30.99834580312565
67, 50, 10, 20, 40, 40.0, 18.49702728758675
68, 50, 10, 20, 40, 40.0, 21.921886441852898
69, 50, 10, 20, 40, 40.0, 24.269532147670986
70, 50, 10, 20, 40, 40.0, 23.50616807502148
71, 50, 10, 20, 40, 40.0, 32.61572709090109
72, 50, 10, 20, 40, 40.0, 34.47159806439419
73, 50, 10, 20, 40, 40.0, 24.512204951099623
74, 50, 10, 20, 40, 40.0, 26.856295430185607
75, 50, 10, 20, 40, 40.0, 31.447547255432536
76, 50, 10, 20, 40, 40.0, 32.27293924646713
77, 50, 10, 20, 40, 40.0, 26.33639152145515
78, 50, 10, 20, 40, 40.0, 16.513226272150455
79, 50, 10, 20, 40, 40.0, 29.102138794939762
80, 50, 10, 20, 40, 40.0, 14.570679929825292
81, 50, 10, 20, 40, 40.0, 24.557937294546434
82, 50, 10, 20, 40, 40.0, 15.46862314504241
83, 50, 10, 20, 40, 40.0, 29.769147425370353
84, 50, 10, 20, 40, 40.0, 34.79362397525621
85, 50, 10, 20, 40, 40.0, 33.43358485298387
86, 50, 10, 20, 40, 40.0, 29.201501245514653
87, 50, 10, 20, 40, 40.0, 25.077147655649206
88, 50, 10, 20, 40, 40.0, 27.489959997569038
89, 50, 10, 20, 40, 40.0, 24.61077631163482
90, 50, 10, 20, 40, 40.0, 33.84124942571222
91, 50, 10, 20, 40, 40.0, 23.671520332549
92, 50, 10, 20, 40, 40.0, 30.882357392213116
93, 50, 10, 20, 40, 40.0, 27.27569447391268
94, 50, 10, 20, 40, 40.0, 26.81541340911699
95, 50, 10, 20, 40, 40.0, 14.434910099505352
96, 50, 10, 20, 40, 40.0, 27.050212550495406
97, 50, 10, 20, 40, 40.0, 27.924940921425843
98, 50, 10, 20, 40, 40.0, 25.37544214678747
99, 50, 10, 20, 40, 40.0, 24.160824605442002
100, 50, 10, 20, 40, 40.0, 31.415805605061156
