Sl.No, n, c, d, q, Total Flow, Total Utility
1, 50, 10, 20, 40, 40.0, 21.371276963355665
2, 50, 10, 20, 40, 40.0, 26.20484113876885
3, 50, 10, 20, 40, 40.0, 20.178876057785427
4, 50, 10, 20, 40, 40.0, 22.179949256630746
5, 50, 10, 20, 40, 40.0, 28.18633476627159
6, 50, 10, 20, 40, 40.0, 16.100405151312938
7, 50, 10, 20, 40, 40.0, 21.625938413660446
8, 50, 10, 20, 40, 40.0, 24.876653396641878
9, 50, 10, 20, 40, 40.0, 20.269487374856254
10, 50, 10, 20, 40, 40.0, 23.776003852754176
11, 50, 10, 20, 40, 40.0, 21.95085457538821
12, 50, 10, 20, 40, 40.0, 24.445939209030385
13, 50, 10, 20, 40, 40.0, 20.1196813127221
14, 50, 10, 20, 40, 40.0, 32.53031385913085
15, 50, 10, 20, 40, 40.0, 29.346862898730908
16, 50, 10, 20, 40, 40.0, 23.207675808220724
17, 50, 10, 20, 40, 40.0, 22.00816710277366
18, 50, 10, 20, 40, 40.0, 15.90685714331031
19, 50, 10, 20, 40, 40.0, 29.71575877629089
20, 50, 10, 20, 40, 40.0, 29.23191676126588
21, 50, 10, 20, 40, 40.0, 23.283690009392945
22, 50, 10, 20, 40, 40.0, 19.497496550932883
23, 50, 10, 20, 40, 40.0, 20.2433218327769
24, 50, 10, 20, 40, 40.0, 24.105366471217536
25, 50, 10, 20, 40, 40.0, 17.641764638818877
26, 50, 10, 20, 40, 40.0, 22.274616870138306
27, 50, 10, 20, 40, 40.0, 28.96615928925751
28, 50, 10, 20, 40, 40.0, 28.70013788708631
29, 50, 10, 20, 40, 40.0, 26.991372823200642
30, 50, 10, 20, 40, 40.0, 25.71354795144649
31, 50, 10, 20, 40, 40.0, 16.660636019326326
32, 50, 10, 20, 40, 40.0, 18.210433925642207
33, 50, 10, 20, 40, 40.0, 16.875616511105687
34, 50, 10, 20, 40, 40.0, 31.860957844408663
35, 50, 10, 20, 40, 40.0, 27.09832245708389
36, 50, 10, 20, 40, 40.0, 32.557141300987944
37, 50, 10, 20, 40, 40.0, 17.582270998406294
38, 50, 10, 20, 40, 40.0, 19.38822875696467
39, 50, 10, 20, 40, 40.0, 18.180983769940397
40, 50, 10, 20, 40, 40.0, 26.065521389723106
41, 50, 10, 20, 40, 40.0, 24.67286894454475
42, 50, 10, 20, 40, 40.0, 26.48985625196556
43, 50, 10, 20, 40, 40.0, 18.10729856802325
44, 50, 10, 20, 40, 40.0, 29.204812220293174
45, 50, 10, 20, 40, 40.0, 11.942796229075618
46, 50, 10, 20, 40, 40.0, 26.067871611378774
47, 50, 10, 20, 40, 40.0, 22.41707671798658
48, 50, 10, 20, 40, 40.0, 31.582785607170177
49, 50, 10, 20, 40, 40.0, 13.366024463160352
50, 50, 10, 20, 40, 40.0, 20.86388933994425
51, 50, 10, 20, 40, 40.0, 23.434118173984686
52, 50, 10, 20, 40, 40.0, 29.29016020612057
53, 50, 10, 20, 40, 40.0, 18.136147628706826
54, 50, 10, 20, 40, 40.0, 22.564247314798365
55, 50, 10, 20, 40, 40.0, 24.591609859339243
56, 50, 10, 20, 40, 40.0, 16.610549402361045
57, 50, 10, 20, 40, 40.0, 27.67575607126799
58, 50, 10, 20, 40, 40.0, 22.384419930794326
59, 50, 10, 20, 40, 40.0, 23.043007840764123
60, 50, 10, 20, 40, 40.0, 24.591537580852037
61, 50, 10, 20, 40, 40.0, 20.784737094289223
62, 50, 10, 20, 40, 40.0, 14.939249002337657
63, 50, 10, 20, 40, 40.0, 22.73357778517105
64, 50, 10, 20, 40, 40.0, 15.705654968189782
65, 50, 10, 20, 40, 40.0, 18.670264018082296
66, 50, 10, 20, 40, 40.0, 24.839879455328965
67, 50, 10, 20, 40, 40.0, 16.5985892262096
68, 50, 10, 20, 40, 40.0, 19.692916291268105
69, 50, 10, 20, 40, 40.0, 22.041130475150503
70, 50, 10, 20, 40, 40.0, 20.330414277898548
71, 50, 10, 20, 40, 40.0, 28.05120753471896
72, 50, 10, 20, 40, 40.0, 31.869251067963944
73, 50, 10, 20, 40, 40.0, 21.487007159531647
74, 50, 10, 20, 40, 40.0, 24.18945057605708
75, 50, 10, 20, 40, 40.0, 26.944654088744194
76, 50, 10, 20, 40, 40.0, 27.822812301650625
77, 50, 10, 20, 40, 40.0, 22.381021055472235
78, 50, 10, 20, 40, 40.0, 14.340579875373281
79, 50, 10, 20, 40, 40.0, 23.407351129593355
80, 50, 10, 20, 40, 40.0, 13.142795172936157
81, 50, 10, 20, 40, 40.0, 21.146643478143186
82, 50, 10, 20, 40, 40.0, 13.880084501370105
83, 50, 10, 20, 40, 40.0, 24.962227505527903
84, 50, 10, 20, 40, 40.0, 31.75573551715379
85, 50, 10, 20, 40, 40.0, 30.133904269945244
86, 50, 10, 20, 40, 40.0, 24.500433665061312
87, 50, 10, 20, 40, 40.0, 22.094218307141972
88, 50, 10, 20, 40, 40.0, 24.097169424177668
89, 50, 10, 20, 40, 40.0, 21.32593786113327
90, 50, 10, 20, 40, 40.0, 29.844415394172938
91, 50, 10, 20, 40, 40.0, 20.331778845413453
92, 50, 10, 20, 40, 40.0, 25.567026887821452
93, 50, 10, 20, 40, 40.0, 24.07020148629785
94, 50, 10, 20, 40, 40.0, 23.48566113738462
95, 50, 10, 20, 40, 40.0, 13.216451255201626
96, 50, 10, 20, 40, 40.0, 22.248771758573888
97, 50, 10, 20, 40, 40.0, 23.901422616147144
98, 50, 10, 20, 40, 40.0, 22.757215562717505
99, 50, 10, 20, 40, 40.0, 23.096224591816785
100, 50, 10, 20, 40, 40.0, 27.976851945463512
