Sl.No, n, c, d, q, Total Flow, Total Utility
1, 45, 12, 17, 42, 42.0, 27.89971850787426
2, 49, 11, 19, 35, 35.0, 23.29326991691808
3, 45, 9, 22, 38, 38.0, 25.59054035589938
4, 49, 9, 22, 47, 47.0, 18.466953697204477
5, 59, 12, 20, 32, 32.0, 26.678670425410896
6, 58, 12, 23, 32, 32.0, 28.09518592779905
7, 50, 12, 22, 45, 45.0, 31.89490295534293
8, 56, 12, 23, 37, 37.0, 23.867170033235602
9, 60, 11, 16, 46, 46.0, 30.352299933715884
10, 41, 10, 20, 48, 41.0, 26.892489849588692
11, 51, 10, 22, 46, 46.0, 20.24924197103026
12, 58, 8, 17, 39, 39.0, 23.57379825889751
13, 57, 11, 18, 46, 46.0, 29.265338299185743
14, 55, 11, 23, 40, 40.0, 23.67962196067011
15, 55, 8, 22, 33, 33.0, 24.598389924249904
16, 50, 9, 18, 35, 35.0, 19.318775782403918
17, 52, 11, 21, 40, 40.0, 21.90338719219657
18, 46, 8, 24, 35, 35.0, 16.706077678454687
19, 49, 12, 18, 38, 38.0, 27.86875308089378
20, 42, 8, 21, 38, 38.0, 17.98370020043111
21, 49, 9, 19, 36, 36.0, 28.7037343992035
22, 41, 11, 24, 44, 41.0, 21.475265633127858
23, 50, 11, 19, 36, 36.0, 25.9329791262595
24, 48, 10, 22, 45, 45.0, 30.30491839528408
25, 56, 12, 23, 36, 36.0, 17.0168118143709
26, 44, 10, 23, 39, 39.0, 27.80235719125766
27, 57, 10, 17, 34, 34.0, 26.088205686924674
28, 58, 12, 21, 41, 41.0, 25.9957174946761
29, 55, 9, 16, 48, 48.0, 20.514487402662887
30, 49, 11, 17, 34, 34.0, 16.416625692723404
31, 55, 9, 17, 37, 37.0, 19.64346839191285
32, 48, 9, 21, 38, 38.0, 20.669878414876955
33, 53, 8, 21, 41, 41.0, 28.51870959714481
34, 58, 12, 22, 37, 37.0, 21.818092413867817
35, 50, 12, 21, 44, 44.0, 21.32871015796885
36, 60, 10, 17, 34, 34.0, 24.868546622620823
37, 53, 10, 17, 35, 35.0, 20.401122302435038
38, 50, 11, 16, 47, 47.0, 23.07406675174136
39, 56, 8, 17, 41, 41.0, 25.48731027700834
40, 52, 8, 20, 42, 42.0, 18.59510360797411
41, 46, 11, 21, 42, 42.0, 21.764325156196247
42, 48, 12, 21, 44, 44.0, 17.86218916619312
43, 45, 12, 23, 44, 44.0, 27.656675318867794
44, 60, 8, 17, 43, 43.0, 27.345776806763613
45, 60, 12, 16, 39, 39.0, 25.053816750765204
46, 40, 11, 17, 37, 37.0, 15.578115927883788
47, 53, 10, 19, 45, 45.0, 21.932427565077422
48, 44, 10, 19, 37, 37.0, 24.49407027782265
49, 59, 12, 21, 38, 38.0, 23.40871453195505
50, 44, 8, 17, 33, 33.0, 14.630343695583424
51, 50, 11, 23, 33, 33.0, 16.613116841486146
52, 51, 12, 24, 36, 36.0, 27.35532855501513
53, 46, 12, 23, 42, 42.0, 24.94961692637606
54, 41, 12, 19, 39, 39.0, 26.507591315011357
55, 58, 8, 20, 39, 39.0, 28.59585079550786
56, 54, 9, 23, 35, 35.0, 22.634087458643403
57, 43, 11, 22, 47, 43.0, 29.07790369743676
58, 58, 8, 16, 36, 36.0, 26.96138799026482
59, 50, 10, 24, 38, 38.0, 29.78572150304172
60, 55, 8, 24, 48, 48.0, 17.615759577302626
61, 40, 11, 24, 33, 33.0, 22.161017730867467
62, 41, 8, 16, 41, 41.0, 26.082620635944238
63, 58, 11, 17, 32, 32.0, 16.269115632425937
64, 55, 12, 19, 39, 39.0, 25.98543711486957
65, 51, 8, 18, 47, 47.0, 12.726153588645898
66, 59, 12, 16, 44, 44.0, 23.187541359369845
67, 40, 9, 17, 45, 40.0, 23.37121777848847
68, 51, 8, 18, 39, 39.0, 29.41707347825665
69, 44, 9, 19, 35, 35.0, 18.454617160125835
70, 48, 10, 16, 47, 47.0, 25.82340257846964
71, 43, 10, 17, 41, 41.0, 28.970999027375665
72, 40, 8, 20, 48, 40.0, 25.888327320152495
73, 44, 12, 20, 40, 40.0, 22.472321230786534
74, 42, 12, 17, 45, 42.0, 13.31669768753451
75, 55, 10, 18, 43, 43.0, 21.20918755087012
76, 59, 11, 24, 40, 40.0, 32.07491164719592
77, 45, 12, 18, 39, 39.0, 19.436065760138238
78, 55, 12, 23, 37, 37.0, 22.75771211453211
79, 40, 12, 17, 48, 40.0, 9.333099836637736
80, 56, 9, 16, 43, 43.0, 22.55159154787406
81, 44, 11, 23, 47, 44.0, 17.872755721476917
82, 44, 11, 20, 46, 44.0, 18.994939594229947
83, 54, 9, 18, 33, 33.0, 28.061757852483797
84, 41, 12, 17, 32, 32.0, 18.411653641536883
85, 51, 9, 18, 33, 33.0, 18.00938345415409
86, 51, 9, 18, 39, 39.0, 31.118554538506068
87, 46, 12, 20, 36, 36.0, 23.642314568598145
88, 46, 12, 20, 47, 46.0, 29.284686217194515
89, 57, 9, 22, 48, 48.0, 26.939673984401377
90, 52, 11, 18, 36, 36.0, 26.883274796692856
91, 42, 10, 16, 40, 40.0, 15.442603143358175
92, 56, 11, 23, 46, 46.0, 22.427731805947378
93, 42, 8, 17, 44, 42.0, 19.539923131346033
94, 43, 10, 17, 46, 43.0, 13.38407539419801
95, 60, 11, 24, 41, 41.0, 30.34786468322975
96, 44, 11, 16, 48, 44.0, 20.1019874500996
97, 57, 12, 18, 38, 38.0, 26.62800913916245
98, 45, 10, 22, 43, 43.0, 22.382981174337267
99, 47, 8, 18, 37, 37.0, 28.973091716543927
100, 59, 9, 22, 33, 33.0, 28.43133110407933
1, 64, 17, 18, 82, 64.0, 36.18937621035723
2, 70, 17, 21, 65, 65.0, 20.191476328926576
3, 59, 12, 18, 57, 57.0, 24.076697191893285
4, 74, 16, 16, 73, 73.0, 20.602065734566686
5, 72, 17, 17, 62, 62.0, 31.178395351205893
6, 75, 14, 16, 62, 62.0, 20.58194566603054
7, 82, 17, 16, 76, 76.0, 30.489744536606338
8, 56, 18, 17, 68, 56.0, 27.80464008930619
9, 73, 17, 23, 65, 65.0, 32.966906555391944
10, 81, 15, 24, 80, 80.0, 29.641234167482235
11, 65, 12, 24, 70, 65.0, 29.425407406938035
12, 66, 15, 18, 69, 66.0, 27.841132939528794
13, 57, 18, 19, 83, 57.0, 18.866782753878812
14, 78, 12, 17, 67, 67.0, 33.30517614887822
15, 72, 14, 24, 76, 72.0, 37.418641324968085
16, 63, 17, 17, 60, 60.0, 31.167121790483304
17, 83, 16, 23, 56, 56.0, 32.82238690299128
18, 57, 14, 18, 66, 57.0, 27.686999656469386
19, 70, 17, 17, 79, 70.0, 19.406255301620128
20, 57, 13, 24, 67, 57.0, 20.37374058839727
21, 57, 15, 17, 84, 57.0, 19.0634939757578
22, 84, 16, 19, 82, 82.0, 24.673006076361162
23, 64, 15, 21, 62, 62.0, 30.81161606014976
24, 84, 16, 23, 66, 66.0, 34.735672271061404
25, 74, 15, 24, 72, 72.0, 28.344491462863736
26, 74, 14, 21, 72, 72.0, 21.63975608177491
27, 63, 16, 24, 79, 63.0, 25.2134831143783
28, 61, 15, 20, 80, 61.0, 20.439607850855943
29, 71, 18, 23, 70, 70.0, 22.214856223933353
30, 65, 12, 21, 78, 65.0, 31.060528982495388
31, 57, 18, 21, 58, 57.0, 28.92157487105515
32, 74, 17, 24, 67, 67.0, 23.510214209885202
33, 63, 16, 21, 59, 59.0, 34.9224250580148
34, 63, 15, 16, 70, 63.0, 27.031531965605346
35, 82, 18, 17, 69, 69.0, 36.64547415957632
36, 72, 15, 16, 65, 65.0, 38.73601506655758
37, 56, 12, 24, 64, 55.0, 26.146001597369867
38, 71, 15, 16, 70, 70.0, 25.909070758750136
39, 80, 15, 21, 72, 72.0, 34.94580777498294
40, 73, 17, 22, 70, 70.0, 30.462105772018788
41, 81, 14, 24, 72, 72.0, 28.56556829829987
42, 68, 13, 22, 61, 61.0, 26.07159917163674
43, 59, 17, 16, 66, 59.0, 17.939222187619727
44, 76, 13, 18, 66, 66.0, 32.19793240391292
45, 79, 17, 19, 73, 73.0, 34.183615633327
46, 59, 15, 20, 59, 59.0, 32.68616996550621
47, 61, 18, 22, 56, 56.0, 21.610947988618978
48, 60, 16, 17, 62, 60.0, 26.74984407596309
49, 80, 16, 21, 57, 57.0, 28.06792515477949
50, 81, 16, 17, 65, 65.0, 25.46668323395728
51, 73, 15, 24, 56, 56.0, 30.260253862523722
52, 69, 15, 18, 58, 58.0, 27.956767634842127
53, 69, 17, 20, 80, 69.0, 31.540796790086386
54, 64, 18, 21, 81, 64.0, 18.60718238591449
55, 82, 13, 22, 59, 59.0, 35.18265949799939
56, 63, 15, 18, 80, 63.0, 19.401229128833688
57, 80, 17, 19, 74, 74.0, 20.170332958368608
58, 69, 17, 23, 83, 69.0, 15.615188233136946
59, 69, 17, 16, 73, 69.0, 40.150391877237944
60, 73, 12, 23, 67, 67.0, 27.960921151913308
61, 69, 12, 19, 82, 69.0, 25.04762819550481
62, 72, 17, 17, 76, 72.0, 22.230226143199594
63, 63, 13, 23, 68, 63.0, 30.197811039972553
64, 80, 14, 22, 73, 73.0, 33.02309407170075
65, 57, 16, 22, 68, 57.0, 33.57831533833162
66, 75, 13, 22, 58, 58.0, 28.000543803788364
67, 80, 18, 24, 67, 67.0, 20.96514751391243
68, 83, 14, 17, 67, 67.0, 29.181617386645108
69, 60, 15, 21, 61, 60.0, 29.216882113830632
70, 72, 18, 23, 77, 72.0, 29.16729795540521
71, 70, 15, 20, 79, 70.0, 22.945707463765945
72, 84, 13, 17, 57, 57.0, 23.491164298289572
73, 79, 16, 16, 79, 79.0, 34.84067109703019
74, 65, 12, 24, 78, 65.0, 21.10172718089071
75, 75, 17, 17, 62, 62.0, 24.27844963554763
76, 74, 12, 16, 74, 74.0, 33.489847094869276
77, 60, 18, 22, 60, 60.0, 28.641849237957445
78, 65, 17, 17, 78, 65.0, 30.348448675091394
79, 77, 14, 22, 71, 71.0, 24.90669257545708
80, 59, 15, 16, 67, 59.0, 30.123974991954086
81, 79, 17, 19, 69, 69.0, 26.964873704975176
82, 63, 12, 18, 58, 58.0, 29.853571349996027
83, 61, 13, 18, 67, 61.0, 27.874571106033336
84, 77, 18, 17, 63, 63.0, 31.54084397384845
85, 66, 16, 22, 59, 59.0, 24.932061132383115
86, 57, 17, 20, 77, 57.0, 31.40893444804545
87, 56, 12, 18, 56, 56.0, 19.957461544683586
88, 62, 18, 16, 60, 60.0, 26.366058666140688
89, 71, 17, 18, 71, 71.0, 34.66775236509529
90, 77, 17, 24, 58, 58.0, 30.788418680012892
91, 67, 12, 17, 62, 62.0, 34.40523354218014
92, 76, 13, 24, 56, 56.0, 31.032110657048737
93, 75, 15, 18, 66, 66.0, 25.579252814716703
94, 84, 12, 16, 76, 76.0, 30.798826311767392
95, 77, 13, 16, 81, 77.0, 31.194499769867658
96, 70, 16, 23, 71, 70.0, 33.993233822368595
97, 65, 13, 16, 58, 58.0, 15.197215484468703
98, 58, 17, 23, 78, 58.0, 30.635404685621236
99, 65, 18, 17, 79, 65.0, 27.268099143526474
100, 69, 16, 23, 84, 69.0, 27.36468587642964
1, 36, 12, 8, 27, 27.0, 11.953250718747162
2, 31, 12, 6, 28, 28.0, 12.328445879907102
3, 28, 11, 5, 32, 20.0, 11.015798725644345
4, 24, 11, 7, 32, 24.0, 9.841025883947369
5, 35, 12, 5, 29, 27.0, 17.492028169383186
6, 36, 8, 5, 34, 25.0, 14.848915348890078
7, 34, 9, 6, 31, 23.0, 10.149214923149744
8, 26, 9, 5, 32, 22.0, 13.343584569943298
9, 36, 10, 8, 26, 26.0, 9.824866795865477
10, 36, 12, 7, 26, 26.0, 13.317503162189233
11, 26, 9, 6, 34, 25.0, 10.396473606048907
12, 25, 8, 6, 36, 25.0, 15.661112656766935
13, 34, 8, 8, 25, 25.0, 16.18628227485024
14, 24, 10, 6, 27, 24.0, 13.767104883530926
15, 34, 10, 6, 29, 29.0, 11.832787236682453
16, 25, 9, 6, 30, 23.0, 10.744751272333586
17, 34, 10, 5, 27, 14.0, 10.67059451558679
18, 30, 9, 5, 33, 28.0, 12.495692639203835
19, 28, 9, 5, 35, 20.0, 7.5676852772835845
20, 24, 10, 7, 26, 24.0, 13.556832029629419
21, 24, 11, 5, 33, 23.0, 11.607392864677246
22, 36, 8, 8, 27, 27.0, 10.91316375407789
23, 32, 12, 7, 34, 32.0, 16.709576445119488
24, 28, 9, 6, 32, 21.0, 7.9635407137073555
25, 26, 9, 5, 27, 26.0, 16.297051391747786
26, 35, 10, 6, 26, 26.0, 14.334477581051685
27, 26, 10, 7, 31, 26.0, 11.544122091136423
28, 32, 9, 8, 30, 29.0, 15.304290597671788
29, 28, 11, 8, 29, 28.0, 18.68572791003229
30, 31, 11, 7, 28, 27.0, 9.3887729432095
31, 29, 12, 8, 29, 26.0, 8.959567604306745
32, 25, 11, 7, 28, 24.0, 6.10424251424146
33, 27, 11, 8, 36, 27.0, 9.675442287887384
34, 36, 12, 5, 36, 18.0, 8.525865868745418
35, 33, 11, 5, 27, 27.0, 14.79430648545985
36, 24, 10, 8, 30, 23.0, 15.041026549090388
37, 24, 11, 7, 35, 24.0, 7.850664020414534
38, 33, 8, 7, 24, 24.0, 14.382904587758478
39, 36, 12, 5, 26, 19.0, 9.817817957704888
40, 34, 11, 7, 30, 30.0, 18.901612832859254
41, 25, 10, 8, 26, 25.0, 7.533814994788416
42, 34, 10, 5, 32, 23.0, 14.279139188953282
43, 24, 10, 5, 32, 22.0, 12.384105168783506
44, 29, 8, 7, 29, 27.0, 13.602433816903552
45, 27, 12, 8, 32, 27.0, 11.358405740316323
46, 25, 8, 5, 25, 20.0, 10.260746304786721
47, 24, 8, 6, 28, 20.0, 10.410941749414796
48, 35, 9, 5, 35, 32.0, 18.168528245838793
49, 36, 11, 8, 31, 31.0, 11.930822924830188
50, 31, 10, 5, 27, 25.0, 14.780496960887962
51, 35, 8, 8, 28, 28.0, 10.858962723328721
52, 26, 10, 8, 31, 26.0, 18.361917433207168
53, 36, 11, 7, 34, 34.0, 11.386234807743136
54, 32, 9, 5, 24, 24.0, 14.111336759937348
55, 32, 8, 6, 33, 31.0, 12.857813303085758
56, 25, 12, 6, 24, 24.0, 11.28681465708177
57, 30, 10, 7, 31, 30.0, 15.32784278282924
58, 36, 8, 7, 35, 28.0, 12.333149407116066
59, 31, 10, 6, 35, 27.0, 12.88497036478127
60, 32, 10, 8, 24, 24.0, 11.547532917936689
61, 26, 8, 8, 30, 26.0, 11.114832978548948
62, 26, 11, 8, 33, 26.0, 8.714205448726325
63, 33, 12, 6, 28, 28.0, 15.55627823936373
64, 29, 11, 7, 26, 26.0, 12.333266848010451
65, 29, 8, 7, 24, 24.0, 10.840350485789761
66, 28, 8, 7, 25, 25.0, 10.15660712335385
67, 30, 11, 5, 25, 25.0, 16.049097524300063
68, 32, 11, 8, 32, 30.0, 10.638018229137034
69, 36, 10, 7, 35, 35.0, 14.982301913438699
70, 34, 9, 8, 26, 26.0, 15.400120171091372
71, 30, 10, 7, 26, 26.0, 12.089406742519373
72, 24, 12, 8, 29, 24.0, 12.735139499049161
73, 32, 11, 7, 27, 27.0, 9.281830950276849
74, 31, 8, 8, 32, 28.0, 11.246411764735617
75, 28, 11, 8, 24, 24.0, 10.824729195639776
76, 33, 12, 8, 26, 26.0, 16.12117766701238
77, 33, 9, 7, 31, 27.0, 7.689225261159145
78, 26, 11, 8, 25, 25.0, 10.412191530045117
79, 30, 9, 6, 25, 25.0, 12.432887349335914
80, 36, 11, 6, 35, 32.0, 12.405832369175945
81, 26, 9, 8, 32, 26.0, 15.514785439445633
82, 25, 8, 6, 25, 23.0, 10.018314288982598
83, 29, 9, 5, 26, 26.0, 15.877438707922217
84, 29, 10, 6, 31, 29.0, 17.583045715025822
85, 33, 10, 6, 28, 28.0, 18.1813302940394
86, 24, 9, 6, 24, 17.0, 9.974414829910348
87, 36, 12, 8, 36, 32.0, 16.65567490306389
88, 25, 9, 6, 34, 21.0, 12.743188374026749
89, 24, 8, 7, 36, 24.0, 12.150607110098171
90, 36, 12, 7, 33, 30.0, 12.597646516359037
91, 28, 10, 5, 32, 20.0, 11.278682127361655
92, 35, 10, 7, 34, 33.0, 11.924852924674417
93, 31, 9, 6, 35, 26.0, 18.698494325018533
94, 27, 10, 6, 29, 27.0, 9.872000584006821
95, 28, 8, 6, 32, 25.0, 9.707572349933217
96, 36, 10, 6, 32, 21.0, 11.911364336721483
97, 24, 11, 8, 33, 23.0, 13.33177626890811
98, 25, 10, 8, 30, 25.0, 13.255656884695481
99, 35, 8, 7, 29, 29.0, 18.12012291420125
100, 31, 9, 7, 30, 30.0, 14.373291214159343
1, 56, 33, 24, 39, 39.0, 27.808013236995805
2, 54, 30, 20, 33, 33.0, 20.834518325587005
3, 52, 35, 18, 34, 34.0, 19.520225931400834
4, 42, 34, 25, 37, 37.0, 14.142071049601642
5, 46, 26, 24, 41, 41.0, 15.723388262560588
6, 42, 27, 22, 42, 42.0, 25.62431183139014
7, 57, 27, 18, 36, 36.0, 26.758496841790485
8, 51, 33, 25, 41, 41.0, 28.353360604636617
9, 59, 28, 25, 43, 43.0, 13.318628353911059
10, 56, 26, 22, 32, 32.0, 17.62487705075119
11, 43, 24, 23, 33, 33.0, 24.826381851218304
12, 47, 35, 17, 32, 32.0, 20.9435396484557
13, 48, 27, 18, 39, 39.0, 14.358504892444884
14, 49, 36, 19, 46, 46.0, 24.196883406885256
15, 48, 33, 19, 34, 34.0, 25.845099140817823
16, 47, 25, 20, 45, 45.0, 15.990659644957866
17, 60, 25, 25, 42, 42.0, 13.355623836272528
18, 60, 27, 26, 34, 34.0, 19.852122164120487
19, 58, 34, 23, 43, 43.0, 13.87391305359891
20, 50, 25, 25, 38, 38.0, 23.524260120181392
21, 59, 31, 17, 40, 40.0, 26.36916784826807
22, 52, 26, 25, 33, 33.0, 21.33265094728409
23, 52, 24, 25, 43, 43.0, 13.595730005755133
24, 40, 24, 17, 35, 35.0, 13.343079133042634
25, 42, 30, 21, 41, 41.0, 20.052943961022592
26, 43, 30, 18, 41, 41.0, 21.114736146747102
27, 58, 30, 17, 34, 34.0, 18.66670732752212
28, 47, 29, 20, 48, 47.0, 22.181457171165686
29, 58, 28, 17, 33, 33.0, 22.4867593740557
30, 45, 29, 17, 41, 41.0, 23.277294028685066
31, 51, 34, 24, 40, 40.0, 27.12204975204063
32, 60, 28, 26, 32, 32.0, 18.37242734519591
33, 48, 29, 24, 44, 44.0, 16.34404674598398
34, 52, 33, 25, 41, 41.0, 26.754604326051382
35, 58, 33, 18, 40, 40.0, 17.7513834212699
36, 47, 25, 20, 39, 39.0, 19.817793486487414
37, 51, 29, 17, 33, 33.0, 24.05571150574912
38, 50, 28, 21, 35, 35.0, 22.85068292358564
39, 55, 24, 24, 32, 32.0, 22.0773750805588
40, 51, 28, 25, 45, 45.0, 16.92532206206807
41, 49, 29, 21, 46, 46.0, 18.490980384213866
42, 60, 24, 22, 32, 32.0, 23.994949881675083
43, 44, 31, 19, 43, 43.0, 15.581312907824088
44, 57, 34, 20, 47, 47.0, 22.2580445600469
45, 40, 33, 19, 44, 40.0, 17.761163926671216
46, 45, 35, 18, 37, 37.0, 14.21976777662042
47, 55, 26, 21, 41, 41.0, 25.7215217609006
48, 40, 31, 21, 36, 36.0, 21.512788129814435
49, 60, 36, 26, 44, 44.0, 21.1261196153982
50, 47, 24, 17, 36, 36.0, 20.519048407184147
51, 42, 34, 19, 35, 35.0, 19.121512760649733
52, 42, 31, 17, 42, 42.0, 16.52125557623982
53, 57, 35, 20, 39, 39.0, 15.009677512924197
54, 57, 34, 22, 33, 33.0, 20.08050217740512
55, 53, 35, 21, 47, 47.0, 23.52719673748789
56, 45, 33, 20, 36, 36.0, 21.54047219303836
57, 59, 30, 24, 40, 40.0, 23.595981830659237
58, 55, 31, 22, 44, 44.0, 23.900938764555075
59, 60, 25, 26, 42, 42.0, 21.580319773522724
60, 58, 35, 26, 39, 39.0, 21.339874021420762
61, 47, 36, 25, 40, 40.0, 15.04188537581338
62, 49, 31, 18, 32, 32.0, 19.179480277770576
63, 47, 33, 25, 48, 47.0, 24.397269217948494
64, 52, 24, 17, 42, 42.0, 21.955991857409526
65, 54, 33, 20, 44, 44.0, 24.246433711513642
66, 55, 24, 18, 48, 48.0, 25.8827693256474
67, 46, 36, 26, 39, 39.0, 23.243317723945424
68, 47, 36, 18, 39, 39.0, 21.185655790189042
69, 41, 29, 20, 42, 41.0, 23.05669839473946
70, 56, 32, 21, 43, 43.0, 27.323651828291826
71, 54, 28, 18, 36, 36.0, 18.84292285737987
72, 54, 34, 22, 40, 40.0, 23.095357791452123
73, 50, 26, 21, 48, 48.0, 19.308615739758153
74, 48, 25, 22, 44, 44.0, 16.492255513635754
75, 42, 36, 24, 44, 42.0, 21.39481655248253
76, 51, 27, 23, 40, 40.0, 22.65608792581478
77, 49, 35, 26, 35, 35.0, 20.415795779053123
78, 40, 27, 24, 46, 40.0, 17.705213151350222
79, 47, 32, 17, 43, 43.0, 20.19089021286004
80, 43, 27, 23, 44, 43.0, 16.20526891691078
81, 40, 25, 23, 35, 35.0, 22.770068224326938
82, 44, 36, 17, 32, 32.0, 12.497413735499343
83, 49, 34, 19, 47, 47.0, 19.761409394433937
84, 57, 26, 22, 41, 41.0, 24.872797726454678
85, 55, 29, 20, 47, 47.0, 26.80586107609425
86, 43, 36, 20, 38, 38.0, 21.102341471579717
87, 60, 30, 23, 32, 32.0, 20.066866526341894
88, 58, 31, 17, 39, 39.0, 21.204948617423998
89, 59, 35, 17, 37, 37.0, 15.241748603551125
90, 54, 31, 25, 37, 37.0, 17.182274948241485
91, 59, 35, 25, 32, 32.0, 16.428312824672663
92, 55, 35, 19, 38, 38.0, 18.391780041302972
93, 44, 27, 18, 47, 44.0, 17.673113199530672
94, 53, 29, 17, 32, 32.0, 12.755530102578268
95, 45, 34, 25, 40, 40.0, 17.079747885105302
96, 42, 34, 26, 34, 34.0, 17.197922855558325
97, 54, 34, 25, 43, 43.0, 23.000108379581807
98, 50, 33, 25, 36, 36.0, 19.80550900031441
99, 54, 36, 22, 34, 34.0, 19.835085538351574
100, 49, 33, 20, 45, 45.0, 22.187208830638536
