Sl.No, n, c, d, q, Total Flow, Total Utility
1, 45, 12, 17, 42, 42.0, 29.979290599067962
2, 49, 11, 19, 35, 35.0, 26.369762329917286
3, 45, 9, 22, 38, 38.0, 29.778242786570207
4, 49, 9, 22, 47, 47.0, 21.372997863461872
5, 59, 12, 20, 32, 32.0, 28.71938809978739
6, 58, 12, 23, 32, 32.0, 29.57705245989969
7, 50, 12, 22, 45, 45.0, 35.58071236835551
8, 56, 12, 23, 37, 37.0, 27.336336250861983
9, 60, 11, 16, 46, 46.0, 34.113647418480426
10, 41, 10, 20, 48, 41.0, 28.170045434712268
11, 51, 10, 22, 46, 46.0, 22.96496470818597
12, 58, 8, 17, 39, 39.0, 28.060022066355465
13, 57, 11, 18, 46, 46.0, 33.93532603712463
14, 55, 11, 23, 40, 40.0, 26.01919272267106
15, 55, 8, 22, 33, 33.0, 27.439457014172806
16, 50, 9, 18, 35, 35.0, 20.56866279404978
17, 52, 11, 21, 40, 40.0, 26.656857406659146
18, 46, 8, 24, 35, 35.0, 18.654184959286706
19, 49, 12, 18, 38, 38.0, 29.853697388254773
20, 42, 8, 21, 38, 38.0, 20.58015655599533
21, 49, 9, 19, 36, 36.0, 32.07618340213327
22, 41, 11, 24, 44, 40.0, 25.395173279235998
23, 50, 11, 19, 36, 36.0, 30.121161410677775
24, 48, 10, 22, 45, 45.0, 31.716942300736257
25, 56, 12, 23, 36, 36.0, 20.569455988349123
26, 44, 10, 23, 39, 39.0, 30.455351212284736
27, 57, 10, 17, 34, 34.0, 28.23035063914241
28, 58, 12, 21, 41, 41.0, 31.84400750633115
29, 55, 9, 16, 48, 48.0, 22.102026985354815
30, 49, 11, 17, 34, 34.0, 19.070047309562
31, 55, 9, 17, 37, 37.0, 20.158300064748936
32, 48, 9, 21, 38, 38.0, 22.96482120450522
33, 53, 8, 21, 41, 41.0, 32.410214696432185
34, 58, 12, 22, 37, 37.0, 25.12414710770705
35, 50, 12, 21, 44, 44.0, 24.101614455095394
36, 60, 10, 17, 34, 34.0, 27.25826515677524
37, 53, 10, 17, 35, 35.0, 22.78778401784492
38, 50, 11, 16, 47, 47.0, 25.97639381791424
39, 56, 8, 17, 41, 41.0, 29.474011791855162
40, 52, 8, 20, 42, 42.0, 19.014948865419203
41, 46, 11, 21, 42, 42.0, 25.2213082649288
42, 48, 12, 21, 44, 44.0, 19.644877859409135
43, 45, 12, 23, 44, 44.0, 31.208037386575757
44, 60, 8, 17, 43, 43.0, 31.27112977464162
45, 60, 12, 16, 39, 39.0, 30.093856466314428
46, 40, 11, 17, 37, 37.0, 18.43701559290042
47, 53, 10, 19, 45, 45.0, 26.308058223823213
48, 44, 10, 19, 37, 37.0, 27.145382464207138
49, 59, 12, 21, 38, 38.0, 26.81798943623988
50, 44, 8, 17, 33, 33.0, 17.610538841172236
51, 50, 11, 23, 33, 33.0, 17.848915435041224
52, 51, 12, 24, 36, 36.0, 30.765447730832584
53, 46, 12, 23, 42, 42.0, 29.691371679113676
54, 41, 12, 19, 39, 39.0, 28.96994036872047
55, 58, 8, 20, 39, 39.0, 32.99919750729521
56, 54, 9, 23, 35, 35.0, 25.721331863978314
57, 43, 11, 22, 47, 43.0, 31.96430143774368
58, 58, 8, 16, 36, 36.0, 31.870295172964838
59, 50, 10, 24, 38, 38.0, 33.2318624312885
60, 55, 8, 24, 48, 48.0, 19.295502017223605
61, 40, 11, 24, 33, 33.0, 26.95251705691226
62, 41, 8, 16, 41, 41.0, 30.719664040144533
63, 58, 11, 17, 32, 32.0, 20.01535100709937
64, 55, 12, 19, 39, 39.0, 29.756894921698446
65, 51, 8, 18, 47, 46.0, 14.277791729589111
66, 59, 12, 16, 44, 44.0, 25.587604343461052
67, 40, 9, 17, 45, 40.0, 27.036014265948605
68, 51, 8, 18, 39, 39.0, 31.441307726253626
69, 44, 9, 19, 35, 35.0, 20.192051908340222
70, 48, 10, 16, 47, 47.0, 30.79044499312438
71, 43, 10, 17, 41, 41.0, 30.256112923900357
72, 40, 8, 20, 48, 40.0, 27.938641440810045
73, 44, 12, 20, 40, 40.0, 25.163017048147264
74, 42, 12, 17, 45, 38.0, 13.848390738673036
75, 55, 10, 18, 43, 43.0, 23.98621826436207
76, 59, 11, 24, 40, 40.0, 35.93731282826229
77, 45, 12, 18, 39, 39.0, 21.671696283089005
78, 55, 12, 23, 37, 37.0, 25.70150668722095
79, 40, 12, 17, 48, 40.0, 10.159537899304949
80, 56, 9, 16, 43, 43.0, 25.876383647099615
81, 44, 11, 23, 47, 42.0, 18.997606197694548
82, 44, 11, 20, 46, 44.0, 23.545842815065768
83, 54, 9, 18, 33, 33.0, 29.982247395638154
84, 41, 12, 17, 32, 32.0, 20.697865528641266
85, 51, 9, 18, 33, 33.0, 20.383338249079873
86, 51, 9, 18, 39, 39.0, 34.35769453323524
87, 46, 12, 20, 36, 36.0, 28.164470376439958
88, 46, 12, 20, 47, 46.0, 31.719441090115655
89, 57, 9, 22, 48, 48.0, 32.02487677340949
90, 52, 11, 18, 36, 36.0, 30.15945070673309
91, 42, 10, 16, 40, 40.0, 17.167893058029257
92, 56, 11, 23, 46, 46.0, 27.075096638918286
93, 42, 8, 17, 44, 42.0, 22.998298188276767
94, 43, 10, 17, 46, 43.0, 14.686292350001155
95, 60, 11, 24, 41, 41.0, 34.66779117324175
96, 44, 11, 16, 48, 44.0, 23.899260711617025
97, 57, 12, 18, 38, 38.0, 30.760833743679214
98, 45, 10, 22, 43, 43.0, 25.171767904144872
99, 47, 8, 18, 37, 37.0, 32.27021656410224
100, 59, 9, 22, 33, 33.0, 30.511187826628067
1, 64, 17, 18, 82, 62.0, 40.00696161776653
2, 70, 17, 21, 65, 65.0, 21.966725596039005
3, 59, 12, 18, 57, 57.0, 28.821219214134317
4, 74, 16, 16, 73, 64.0, 22.76913638127719
5, 72, 17, 17, 62, 62.0, 36.51897733078138
6, 75, 14, 16, 62, 62.0, 22.184165754501308
7, 82, 17, 16, 76, 76.0, 34.25108176503563
8, 56, 18, 17, 68, 56.0, 30.187691383908774
9, 73, 17, 23, 65, 65.0, 36.134564025651976
10, 81, 15, 24, 80, 78.0, 34.02122131976115
11, 65, 12, 24, 70, 65.0, 35.808849049692334
12, 66, 15, 18, 69, 62.0, 31.2338953676541
13, 57, 18, 19, 83, 56.0, 21.798086601895413
14, 78, 12, 17, 67, 67.0, 39.39205728673551
15, 72, 14, 24, 76, 71.0, 41.87295813900232
16, 63, 17, 17, 60, 60.0, 35.598533871504074
17, 83, 16, 23, 56, 56.0, 37.43812576031483
18, 57, 14, 18, 66, 57.0, 31.01560717897721
19, 70, 17, 17, 79, 65.0, 22.185189616697613
20, 57, 13, 24, 67, 55.0, 23.035017893395604
21, 57, 15, 17, 84, 56.0, 21.395607846977292
22, 84, 16, 19, 82, 82.0, 27.315707533901364
23, 64, 15, 21, 62, 62.0, 36.09360129669202
24, 84, 16, 23, 66, 66.0, 38.63623224165551
25, 74, 15, 24, 72, 72.0, 30.56853530597959
26, 74, 14, 21, 72, 72.0, 23.49567966388832
27, 63, 16, 24, 79, 61.0, 30.342121811861023
28, 61, 15, 20, 80, 59.0, 22.97378283429089
29, 71, 18, 23, 70, 67.0, 24.35593166630515
30, 65, 12, 21, 78, 65.0, 35.474717603226466
31, 57, 18, 21, 58, 57.0, 33.29355484277257
32, 74, 17, 24, 67, 65.0, 26.350325031354114
33, 63, 16, 21, 59, 59.0, 38.01058600777291
34, 63, 15, 16, 70, 63.0, 31.509704272181313
35, 82, 18, 17, 69, 69.0, 41.756542631780654
36, 72, 15, 16, 65, 65.0, 45.43163512031705
37, 56, 12, 24, 64, 54.0, 29.484472445134077
38, 71, 15, 16, 70, 68.0, 28.597793952042416
39, 80, 15, 21, 72, 72.0, 39.074135444159836
40, 73, 17, 22, 70, 70.0, 35.202539864106136
41, 81, 14, 24, 72, 72.0, 31.961209950290442
42, 68, 13, 22, 61, 61.0, 31.492495318594084
43, 59, 17, 16, 66, 59.0, 19.247392774702533
44, 76, 13, 18, 66, 66.0, 38.43718323608197
45, 79, 17, 19, 73, 73.0, 40.52759665388956
46, 59, 15, 20, 59, 58.0, 35.54366779670999
47, 61, 18, 22, 56, 56.0, 24.465014039103988
48, 60, 16, 17, 62, 60.0, 29.98970159270232
49, 80, 16, 21, 57, 57.0, 32.29168549209514
50, 81, 16, 17, 65, 65.0, 27.89706305591772
51, 73, 15, 24, 56, 56.0, 36.28242227142229
52, 69, 15, 18, 58, 58.0, 32.84051290386192
53, 69, 17, 20, 80, 67.0, 36.2177861294259
54, 64, 18, 21, 81, 63.0, 21.261438127421602
55, 82, 13, 22, 59, 59.0, 39.22436818217515
56, 63, 15, 18, 80, 60.0, 21.186937482651885
57, 80, 17, 19, 74, 68.0, 23.17646654641651
58, 69, 17, 23, 83, 59.0, 17.57222863315839
59, 69, 17, 16, 73, 68.0, 45.89598627598167
60, 73, 12, 23, 67, 67.0, 31.07227056300333
61, 69, 12, 19, 82, 68.0, 28.103009400876466
62, 72, 17, 17, 76, 72.0, 23.88157454708689
63, 63, 13, 23, 68, 63.0, 33.718541748980996
64, 80, 14, 22, 73, 73.0, 37.27555760188862
65, 57, 16, 22, 68, 57.0, 38.07417179945792
66, 75, 13, 22, 58, 58.0, 32.165472923755246
67, 80, 18, 24, 67, 67.0, 23.724184582834855
68, 83, 14, 17, 67, 67.0, 33.85055329536672
69, 60, 15, 21, 61, 60.0, 34.363887921523144
70, 72, 18, 23, 77, 67.0, 32.51379379707013
71, 70, 15, 20, 79, 62.0, 25.56989904737346
72, 84, 13, 17, 57, 57.0, 27.128227461188487
73, 79, 16, 16, 79, 77.0, 38.29627774440208
74, 65, 12, 24, 78, 64.0, 22.80666359531822
75, 75, 17, 17, 62, 62.0, 29.11542596305898
76, 74, 12, 16, 74, 74.0, 38.11493491735177
77, 60, 18, 22, 60, 60.0, 32.95929975128994
78, 65, 17, 17, 78, 60.0, 33.662945246984464
79, 77, 14, 22, 71, 71.0, 28.576330166717238
80, 59, 15, 16, 67, 59.0, 36.237901334881926
81, 79, 17, 19, 69, 69.0, 28.878570743091068
82, 63, 12, 18, 58, 58.0, 32.79366913465907
83, 61, 13, 18, 67, 61.0, 31.493722842659743
84, 77, 18, 17, 63, 63.0, 36.90528429071077
85, 66, 16, 22, 59, 59.0, 28.398505039350546
86, 57, 17, 20, 77, 57.0, 35.58675351325971
87, 56, 12, 18, 56, 56.0, 20.877546753268003
88, 62, 18, 16, 60, 60.0, 30.432253648919666
89, 71, 17, 18, 71, 70.0, 41.479141420037855
90, 77, 17, 24, 58, 58.0, 36.21199114518952
91, 67, 12, 17, 62, 62.0, 40.62755481142628
92, 76, 13, 24, 56, 56.0, 35.222537825627235
93, 75, 15, 18, 66, 66.0, 27.236934608469955
94, 84, 12, 16, 76, 76.0, 33.28521775410186
95, 77, 13, 16, 81, 75.0, 34.75685138082949
96, 70, 16, 23, 71, 69.0, 37.47798932010698
97, 65, 13, 16, 58, 58.0, 18.64672670823314
98, 58, 17, 23, 78, 57.0, 35.23002222379205
99, 65, 18, 17, 79, 64.0, 32.58635748668342
100, 69, 16, 23, 84, 68.0, 30.929374906409794
1, 36, 12, 8, 27, 27.0, 12.913249470044214
2, 31, 12, 6, 28, 28.0, 13.282112151979108
3, 28, 11, 5, 32, 20.0, 11.634670506252165
4, 24, 11, 7, 32, 24.0, 10.819136449995193
5, 35, 12, 5, 29, 27.0, 21.536984635343455
6, 36, 8, 5, 34, 25.0, 17.353663420658002
7, 34, 9, 6, 31, 27.0, 10.877610609429352
8, 26, 9, 5, 32, 24.0, 15.022650438901213
9, 36, 10, 8, 26, 26.0, 11.65870078576328
10, 36, 12, 7, 26, 26.0, 14.549431970448799
11, 26, 9, 6, 34, 26.0, 11.783974291897682
12, 25, 8, 6, 36, 25.0, 18.040685006506717
13, 34, 8, 8, 25, 25.0, 17.352873848017566
14, 24, 10, 6, 27, 23.0, 14.297896131898106
15, 34, 10, 6, 29, 29.0, 12.559846737320067
16, 25, 9, 6, 30, 25.0, 12.87742612404084
17, 34, 10, 5, 27, 14.0, 12.284983368203353
18, 30, 9, 5, 33, 29.0, 13.75605951946088
19, 28, 9, 5, 35, 21.0, 7.92869742555176
20, 24, 10, 7, 26, 24.0, 16.401723894210832
21, 24, 11, 5, 33, 24.0, 12.874514923720588
22, 36, 8, 8, 27, 27.0, 12.118062880687763
23, 32, 12, 7, 34, 32.0, 19.04249833835491
24, 28, 9, 6, 32, 21.0, 9.225453709877744
25, 26, 9, 5, 27, 26.0, 17.721940334878706
26, 35, 10, 6, 26, 26.0, 15.46891283397767
27, 26, 10, 7, 31, 26.0, 14.812155601664912
28, 32, 9, 8, 30, 30.0, 18.10485431164125
29, 28, 11, 8, 29, 28.0, 20.67011474808604
30, 31, 11, 7, 28, 28.0, 9.911149158923877
31, 29, 12, 8, 29, 27.0, 9.637010137235983
32, 25, 11, 7, 28, 23.0, 7.505370434838866
33, 27, 11, 8, 36, 25.0, 9.954288047245992
34, 36, 12, 5, 36, 18.0, 9.283496253718916
35, 33, 11, 5, 27, 27.0, 17.659099107871356
36, 24, 10, 8, 30, 24.0, 16.54908361042367
37, 24, 11, 7, 35, 24.0, 8.551815982245673
38, 33, 8, 7, 24, 24.0, 19.146723978542756
39, 36, 12, 5, 26, 19.0, 10.802149280491907
40, 34, 11, 7, 30, 30.0, 21.666495346041696
41, 25, 10, 8, 26, 24.0, 7.771310001540609
42, 34, 10, 5, 32, 23.0, 17.503514392908322
43, 24, 10, 5, 32, 24.0, 14.799775711682566
44, 29, 8, 7, 29, 28.0, 15.755849477181581
45, 27, 12, 8, 32, 27.0, 13.76181802587196
46, 25, 8, 5, 25, 22.0, 11.512117182203234
47, 24, 8, 6, 28, 20.0, 12.501237568817475
48, 35, 9, 5, 35, 32.0, 20.67255947946338
49, 36, 11, 8, 31, 31.0, 13.442120905610265
50, 31, 10, 5, 27, 25.0, 15.428686242677257
51, 35, 8, 8, 28, 28.0, 12.182733342642306
52, 26, 10, 8, 31, 26.0, 20.34480259747887
53, 36, 11, 7, 34, 34.0, 12.585458445984257
54, 32, 9, 5, 24, 24.0, 14.770278297294846
55, 32, 8, 6, 33, 31.0, 14.552237737590229
56, 25, 12, 6, 24, 23.0, 12.903272934635224
57, 30, 10, 7, 31, 28.0, 16.706504906201314
58, 36, 8, 7, 35, 30.0, 14.081974511985477
59, 31, 10, 6, 35, 28.0, 15.99143367292519
60, 32, 10, 8, 24, 24.0, 12.268524564889201
61, 26, 8, 8, 30, 25.0, 12.460696359059996
62, 26, 11, 8, 33, 26.0, 9.931315661376967
63, 33, 12, 6, 28, 28.0, 17.476286652835924
64, 29, 11, 7, 26, 26.0, 14.46569481085678
65, 29, 8, 7, 24, 24.0, 11.951914028658647
66, 28, 8, 7, 25, 25.0, 11.076878910069903
67, 30, 11, 5, 25, 25.0, 19.301825539834905
68, 32, 11, 8, 32, 30.0, 11.631086174184498
69, 36, 10, 7, 35, 35.0, 17.05388417746215
70, 34, 9, 8, 26, 26.0, 17.415665038603308
71, 30, 10, 7, 26, 26.0, 12.705325642918904
72, 24, 12, 8, 29, 23.0, 15.034816294665951
73, 32, 11, 7, 27, 27.0, 11.23493643080094
74, 31, 8, 8, 32, 29.0, 13.241068334682863
75, 28, 11, 8, 24, 24.0, 12.629442954602967
76, 33, 12, 8, 26, 26.0, 17.77878330717158
77, 33, 9, 7, 31, 27.0, 8.325671304930871
78, 26, 11, 8, 25, 23.0, 11.526348850650892
79, 30, 9, 6, 25, 25.0, 14.22086228025446
80, 36, 11, 6, 35, 34.0, 15.012557311996094
81, 26, 9, 8, 32, 26.0, 16.639964820087044
82, 25, 8, 6, 25, 25.0, 12.210073182096771
83, 29, 9, 5, 26, 26.0, 18.39318566851938
84, 29, 10, 6, 31, 29.0, 20.830032737888146
85, 33, 10, 6, 28, 28.0, 18.928088899227316
86, 24, 9, 6, 24, 17.0, 11.149879323042349
87, 36, 12, 8, 36, 31.0, 18.423098885307375
88, 25, 9, 6, 34, 21.0, 12.911281331820602
89, 24, 8, 7, 36, 24.0, 14.53768131095495
90, 36, 12, 7, 33, 32.0, 14.373508507570705
91, 28, 10, 5, 32, 20.0, 12.18781225482717
92, 35, 10, 7, 34, 34.0, 14.13011487096903
93, 31, 9, 6, 35, 28.0, 20.616865172411412
94, 27, 10, 6, 29, 27.0, 10.874947195875171
95, 28, 8, 6, 32, 27.0, 12.323956686208184
96, 36, 10, 6, 32, 21.0, 12.82129289470957
97, 24, 11, 8, 33, 23.0, 15.077672447077322
98, 25, 10, 8, 30, 25.0, 15.907834327696825
99, 35, 8, 7, 29, 29.0, 19.824506558510144
100, 31, 9, 7, 30, 30.0, 14.872302997349832
1, 56, 33, 24, 39, 39.0, 30.490708230425707
2, 54, 30, 20, 33, 33.0, 23.363243320817627
3, 52, 35, 18, 34, 34.0, 23.88098679137546
4, 42, 34, 25, 37, 37.0, 14.711787081250367
5, 46, 26, 24, 41, 41.0, 16.88194546761172
6, 42, 27, 22, 42, 42.0, 28.674991100196632
7, 57, 27, 18, 36, 36.0, 28.611166387633507
8, 51, 33, 25, 41, 41.0, 32.15830875911405
9, 59, 28, 25, 43, 43.0, 14.927663029288297
10, 56, 26, 22, 32, 32.0, 22.46786625777491
11, 43, 24, 23, 33, 33.0, 27.201758202421942
12, 47, 35, 17, 32, 32.0, 23.73718872281361
13, 48, 27, 18, 39, 39.0, 16.634893589962445
14, 49, 36, 19, 46, 46.0, 29.465084098630857
15, 48, 33, 19, 34, 34.0, 28.245691756657948
16, 47, 25, 20, 45, 45.0, 17.11547058907656
17, 60, 25, 25, 42, 42.0, 14.917573830355291
18, 60, 27, 26, 34, 34.0, 22.07305783879967
19, 58, 34, 23, 43, 43.0, 15.107158503225504
20, 50, 25, 25, 38, 38.0, 27.402801465127855
21, 59, 31, 17, 40, 40.0, 31.574151567871546
22, 52, 26, 25, 33, 33.0, 24.796653519539873
23, 52, 24, 25, 43, 43.0, 14.909882782897517
24, 40, 24, 17, 35, 35.0, 14.199446105100831
25, 42, 30, 21, 41, 41.0, 22.83440072084801
26, 43, 30, 18, 41, 41.0, 24.52617742606635
27, 58, 30, 17, 34, 34.0, 20.514911647675845
28, 47, 29, 20, 48, 47.0, 26.101609451611527
29, 58, 28, 17, 33, 33.0, 25.83346995875267
30, 45, 29, 17, 41, 41.0, 27.31240119465675
31, 51, 34, 24, 40, 40.0, 29.997322390229755
32, 60, 28, 26, 32, 32.0, 21.44987333006579
33, 48, 29, 24, 44, 44.0, 17.222171172987306
34, 52, 33, 25, 41, 41.0, 29.864461280350262
35, 58, 33, 18, 40, 40.0, 18.966950550548006
36, 47, 25, 20, 39, 39.0, 21.710179063917813
37, 51, 29, 17, 33, 33.0, 28.53303071021161
38, 50, 28, 21, 35, 35.0, 25.065234418844003
39, 55, 24, 24, 32, 32.0, 24.70185273185466
40, 51, 28, 25, 45, 45.0, 19.603923989979016
41, 49, 29, 21, 46, 46.0, 21.455069426143112
42, 60, 24, 22, 32, 32.0, 26.809297007596914
43, 44, 31, 19, 43, 43.0, 17.291090243662914
44, 57, 34, 20, 47, 47.0, 25.806601707162706
45, 40, 33, 19, 44, 39.0, 20.199527361200126
46, 45, 35, 18, 37, 37.0, 15.128301845916871
47, 55, 26, 21, 41, 41.0, 29.746286016531673
48, 40, 31, 21, 36, 36.0, 23.906434868765313
49, 60, 36, 26, 44, 44.0, 24.236568972679617
50, 47, 24, 17, 36, 36.0, 23.719135657343784
51, 42, 34, 19, 35, 35.0, 22.223538063218527
52, 42, 31, 17, 42, 41.0, 17.54815381139321
53, 57, 35, 20, 39, 39.0, 18.312903424440876
54, 57, 34, 22, 33, 33.0, 22.286210612602016
55, 53, 35, 21, 47, 47.0, 25.785100045154024
56, 45, 33, 20, 36, 36.0, 22.835569520180314
57, 59, 30, 24, 40, 40.0, 26.913378692714545
58, 55, 31, 22, 44, 44.0, 26.804703288952012
59, 60, 25, 26, 42, 42.0, 24.124468580402368
60, 58, 35, 26, 39, 39.0, 25.126870843818388
61, 47, 36, 25, 40, 40.0, 15.855698755887992
62, 49, 31, 18, 32, 32.0, 21.480013375404933
63, 47, 33, 25, 48, 46.0, 28.93212354334206
64, 52, 24, 17, 42, 42.0, 25.52875514491135
65, 54, 33, 20, 44, 44.0, 27.992202690589025
66, 55, 24, 18, 48, 48.0, 31.48857858067642
67, 46, 36, 26, 39, 39.0, 27.062088550730387
68, 47, 36, 18, 39, 39.0, 23.41701206315217
69, 41, 29, 20, 42, 41.0, 27.060123030242966
70, 56, 32, 21, 43, 43.0, 30.8113673756904
71, 54, 28, 18, 36, 36.0, 21.408725357640886
72, 54, 34, 22, 40, 40.0, 25.87004776055591
73, 50, 26, 21, 48, 48.0, 22.004792952482255
74, 48, 25, 22, 44, 44.0, 18.665509442077234
75, 42, 36, 24, 44, 41.0, 23.762329782337183
76, 51, 27, 23, 40, 40.0, 25.644602865927475
77, 49, 35, 26, 35, 35.0, 22.290504966429413
78, 40, 27, 24, 46, 40.0, 19.420428231224783
79, 47, 32, 17, 43, 43.0, 22.455837672143378
80, 43, 27, 23, 44, 42.0, 18.83239349142118
81, 40, 25, 23, 35, 35.0, 25.2039171879641
82, 44, 36, 17, 32, 32.0, 13.922778092106485
83, 49, 34, 19, 47, 47.0, 21.062197166802637
84, 57, 26, 22, 41, 41.0, 27.622618317687046
85, 55, 29, 20, 47, 47.0, 29.98248117600925
86, 43, 36, 20, 38, 38.0, 23.93437678959069
87, 60, 30, 23, 32, 32.0, 21.896509037811004
88, 58, 31, 17, 39, 39.0, 25.357526341649958
89, 59, 35, 17, 37, 37.0, 17.602330429911905
90, 54, 31, 25, 37, 37.0, 20.36924405782649
91, 59, 35, 25, 32, 32.0, 18.398551253555052
92, 55, 35, 19, 38, 38.0, 20.297068574124413
93, 44, 27, 18, 47, 43.0, 18.702204764087544
94, 53, 29, 17, 32, 32.0, 15.364943833428248
95, 45, 34, 25, 40, 40.0, 18.622187921988157
96, 42, 34, 26, 34, 34.0, 20.067245042112127
97, 54, 34, 25, 43, 43.0, 27.29853612457168
98, 50, 33, 25, 36, 36.0, 25.064288158769294
99, 54, 36, 22, 34, 34.0, 22.28542599147269
100, 49, 33, 20, 45, 45.0, 24.40008228874876
