Sl.No, n, c, d, q, Total Flow, Total Utility
1, 45, 12, 17, 42, 42.0, 27.89971850787426
2, 49, 11, 19, 35, 35.0, 23.29326991691808
3, 45, 9, 22, 38, 38.0, 25.59054035589938
4, 49, 9, 22, 47, 47.0, 18.466953697204477
5, 59, 12, 20, 32, 32.0, 26.678670425410896
6, 58, 12, 23, 32, 32.0, 27.531289539991786
7, 50, 12, 22, 45, 45.0, 31.89490295534293
8, 56, 12, 23, 37, 37.0, 23.867170033235602
9, 60, 11, 16, 46, 46.0, 30.345419518088526
10, 41, 10, 20, 48, 41.0, 26.892489849588692
11, 51, 10, 22, 46, 46.0, 20.24924197103026
12, 58, 8, 17, 39, 39.0, 23.57379825889751
13, 57, 11, 18, 46, 46.0, 29.265338299185743
14, 55, 11, 23, 40, 40.0, 23.67962196067011
15, 55, 8, 22, 33, 33.0, 24.598389924249904
16, 50, 9, 18, 35, 35.0, 19.318775782403918
17, 52, 11, 21, 40, 40.0, 21.589903791945748
18, 46, 8, 24, 35, 35.0, 16.706077678454687
19, 49, 12, 18, 38, 38.0, 26.79392734767033
20, 42, 8, 21, 38, 38.0, 17.98370020043111
21, 49, 9, 19, 36, 36.0, 28.7037343992035
22, 41, 11, 24, 44, 40.0, 21.475265633024936
23, 50, 11, 19, 36, 36.0, 25.9329791262595
24, 48, 10, 22, 45, 45.0, 30.30491839528408
25, 56, 12, 23, 36, 36.0, 17.640865685651853
26, 44, 10, 23, 39, 39.0, 27.80235719125766
27, 57, 10, 17, 34, 34.0, 26.088205686924674
28, 58, 12, 21, 41, 41.0, 25.9957174946761
29, 55, 9, 16, 48, 48.0, 20.514487402662887
30, 49, 11, 17, 34, 34.0, 16.416625692723404
31, 55, 9, 17, 37, 37.0, 19.63557740659207
32, 48, 9, 21, 38, 38.0, 20.398478586377777
33, 53, 8, 21, 41, 41.0, 28.735129462976655
34, 58, 12, 22, 37, 37.0, 21.818092413867817
35, 50, 12, 21, 44, 44.0, 21.32871015796885
36, 60, 10, 17, 34, 34.0, 24.868546622620823
37, 53, 10, 17, 35, 35.0, 20.401122302435038
38, 50, 11, 16, 47, 47.0, 23.088490764573194
39, 56, 8, 17, 41, 41.0, 25.240403482652617
40, 52, 8, 20, 42, 42.0, 18.59510360797411
41, 46, 11, 21, 42, 42.0, 21.764325156196247
42, 48, 12, 21, 44, 44.0, 17.938569600702355
43, 45, 12, 23, 44, 43.0, 27.658621897780584
44, 60, 8, 17, 43, 43.0, 27.345776806763613
45, 60, 12, 16, 39, 39.0, 25.053816750765204
46, 40, 11, 17, 37, 37.0, 15.58667989815688
47, 53, 10, 19, 45, 45.0, 21.932427565077422
48, 44, 10, 19, 37, 37.0, 24.49407027782265
49, 59, 12, 21, 38, 38.0, 23.40871453195505
50, 44, 8, 17, 33, 33.0, 15.046987393562377
51, 50, 11, 23, 33, 33.0, 16.613116841486146
52, 51, 12, 24, 36, 36.0, 26.848006602496913
53, 46, 12, 23, 42, 42.0, 24.811928437583035
54, 41, 12, 19, 39, 39.0, 26.507591315011357
55, 58, 8, 20, 39, 39.0, 28.59585079550786
56, 54, 9, 23, 35, 35.0, 22.548954468282002
57, 43, 11, 22, 47, 43.0, 29.07790369743676
58, 58, 8, 16, 36, 36.0, 26.96138799026482
59, 50, 10, 24, 38, 38.0, 29.78572150304172
60, 55, 8, 24, 48, 48.0, 17.757064242649456
61, 40, 11, 24, 33, 33.0, 22.161017730867467
62, 41, 8, 16, 41, 40.0, 26.082620635944085
63, 58, 11, 17, 32, 32.0, 16.269115632425937
64, 55, 12, 19, 39, 39.0, 25.961709081438215
65, 51, 8, 18, 47, 45.0, 12.726206262143354
66, 59, 12, 16, 44, 44.0, 23.187541359369845
67, 40, 9, 17, 45, 39.0, 23.37121777848363
68, 51, 8, 18, 39, 39.0, 29.41707347825665
69, 44, 9, 19, 35, 35.0, 18.454617160125835
70, 48, 10, 16, 47, 46.0, 25.845688623906245
71, 43, 10, 17, 41, 41.0, 28.970999027375665
72, 40, 8, 20, 48, 40.0, 25.477681066255386
73, 44, 12, 20, 40, 40.0, 22.472321293996494
74, 42, 12, 17, 45, 38.0, 12.912963764730476
75, 55, 10, 18, 43, 43.0, 21.20918755087012
76, 59, 11, 24, 40, 40.0, 32.07491164719592
77, 45, 12, 18, 39, 39.0, 19.436067642907197
78, 55, 12, 23, 37, 37.0, 22.75771211453211
79, 40, 12, 17, 48, 40.0, 9.333099836637736
80, 56, 9, 16, 43, 43.0, 21.960758916191423
81, 44, 11, 23, 47, 42.0, 17.872755674117194
82, 44, 11, 20, 46, 44.0, 19.47983237724824
83, 54, 9, 18, 33, 33.0, 28.061757852483797
84, 41, 12, 17, 32, 32.0, 18.411653641536883
85, 51, 9, 18, 33, 33.0, 18.00938345415409
86, 51, 9, 18, 39, 39.0, 31.118554538506068
87, 46, 12, 20, 36, 36.0, 23.642314568598145
88, 46, 12, 20, 47, 46.0, 29.480132488588474
89, 57, 9, 22, 48, 48.0, 26.939673984401377
90, 52, 11, 18, 36, 36.0, 26.883274796692856
91, 42, 10, 16, 40, 40.0, 15.442615834456372
92, 56, 11, 23, 46, 46.0, 22.427731805947378
93, 42, 8, 17, 44, 41.0, 19.539923131344697
94, 43, 10, 17, 46, 43.0, 13.433688251366036
95, 60, 11, 24, 41, 41.0, 29.81507598334229
96, 44, 11, 16, 48, 44.0, 20.553950437337402
97, 57, 12, 18, 38, 38.0, 26.62800913916245
98, 45, 10, 22, 43, 43.0, 22.140664494322834
99, 47, 8, 18, 37, 37.0, 29.334151352040042
100, 59, 9, 22, 33, 33.0, 28.43133110407933
1, 64, 17, 18, 82, 59.0, 36.189376115370514
2, 70, 17, 21, 65, 65.0, 20.675725661184696
3, 59, 12, 18, 57, 57.0, 24.07669828752913
4, 74, 16, 16, 73, 63.0, 20.60208551517301
5, 72, 17, 17, 62, 62.0, 30.94097169366687
6, 75, 14, 16, 62, 62.0, 20.308283322617143
7, 82, 17, 16, 76, 76.0, 30.489802109978687
8, 56, 18, 17, 68, 55.0, 27.8046400853533
9, 73, 17, 23, 65, 65.0, 32.96648740457063
10, 81, 15, 24, 80, 75.0, 29.641236026802474
11, 65, 12, 24, 70, 63.0, 30.073937989514963
12, 66, 15, 18, 69, 61.0, 27.84113290460253
13, 57, 18, 19, 83, 56.0, 20.17021613800426
14, 78, 12, 17, 67, 67.0, 33.3076786057891
15, 72, 14, 24, 76, 71.0, 37.33764106201141
16, 63, 17, 17, 60, 59.0, 31.675246932151342
17, 83, 16, 23, 56, 56.0, 32.83420370340409
18, 57, 14, 18, 66, 57.0, 28.30748495807728
19, 70, 17, 17, 79, 61.0, 20.698377024785152
20, 57, 13, 24, 67, 55.0, 20.373740587843855
21, 57, 15, 17, 84, 57.0, 18.998534145879365
22, 84, 16, 19, 82, 81.0, 25.007451110849523
23, 64, 15, 21, 62, 62.0, 30.825886393208343
24, 84, 16, 23, 66, 66.0, 34.84880915369395
25, 74, 15, 24, 72, 72.0, 28.33757372675713
26, 74, 14, 21, 72, 69.0, 21.639782856475005
27, 63, 16, 24, 79, 59.0, 26.363852048567225
28, 61, 15, 20, 80, 59.0, 20.439607706488644
29, 71, 18, 23, 70, 63.0, 21.560313523728194
30, 65, 12, 21, 78, 65.0, 30.97217834057414
31, 57, 18, 21, 58, 57.0, 28.92157487105515
32, 74, 17, 24, 67, 64.0, 23.23214338606852
33, 63, 16, 21, 59, 59.0, 34.614154787356426
34, 63, 15, 16, 70, 60.0, 26.92243727593094
35, 82, 18, 17, 69, 69.0, 36.64547415957632
36, 72, 15, 16, 65, 65.0, 38.73601506655758
37, 56, 12, 24, 64, 51.0, 26.549621972229357
38, 71, 15, 16, 70, 67.0, 26.02423090300227
39, 80, 15, 21, 72, 72.0, 34.664463295396445
40, 73, 17, 22, 70, 70.0, 30.054790228479234
41, 81, 14, 24, 72, 72.0, 28.56556829829987
42, 68, 13, 22, 61, 61.0, 26.07159917163674
43, 59, 17, 16, 66, 58.0, 17.455401767345638
44, 76, 13, 18, 66, 66.0, 32.6618831407873
45, 79, 17, 19, 73, 73.0, 34.19557086131127
46, 59, 15, 20, 59, 59.0, 32.402052517063
47, 61, 18, 22, 56, 56.0, 21.809903192341196
48, 60, 16, 17, 62, 60.0, 26.318809489665856
49, 80, 16, 21, 57, 57.0, 28.01281065750208
50, 81, 16, 17, 65, 65.0, 25.549057817994147
51, 73, 15, 24, 56, 56.0, 30.26025666856501
52, 69, 15, 18, 58, 58.0, 27.956767634842127
53, 69, 17, 20, 80, 63.0, 31.540796668421407
54, 64, 18, 21, 81, 58.0, 18.60720506309195
55, 82, 13, 22, 59, 59.0, 35.22804534948507
56, 63, 15, 18, 80, 60.0, 19.401229080014975
57, 80, 17, 19, 74, 68.0, 20.72345417967474
58, 69, 17, 23, 83, 58.0, 15.153498070437783
59, 69, 17, 16, 73, 69.0, 40.150391877237944
60, 73, 12, 23, 67, 67.0, 27.960921151913308
61, 69, 12, 19, 82, 67.0, 25.047628390726445
62, 72, 17, 17, 76, 69.0, 21.138980508023113
63, 63, 13, 23, 68, 63.0, 30.197811039972553
64, 80, 14, 22, 73, 73.0, 33.719980988055724
65, 57, 16, 22, 68, 57.0, 34.322452614483254
66, 75, 13, 22, 58, 58.0, 28.00058320371212
67, 80, 18, 24, 67, 67.0, 20.976317437121242
68, 83, 14, 17, 67, 67.0, 29.539952280532848
69, 60, 15, 21, 61, 59.0, 29.216882113753908
70, 72, 18, 23, 77, 64.0, 29.16729776042899
71, 70, 15, 20, 79, 64.0, 22.948183417419425
72, 84, 13, 17, 57, 57.0, 23.491164298289572
73, 79, 16, 16, 79, 77.0, 34.381023460095264
74, 65, 12, 24, 78, 63.0, 21.101727174550867
75, 75, 17, 17, 62, 62.0, 24.956692478810993
76, 74, 12, 16, 74, 71.0, 33.48985385941611
77, 60, 18, 22, 60, 59.0, 28.64184923795736
78, 65, 17, 17, 78, 57.0, 30.348448671014815
79, 77, 14, 22, 71, 70.0, 24.939604074179446
80, 59, 15, 16, 67, 57.0, 30.99099765754144
81, 79, 17, 19, 69, 69.0, 26.667035040541258
82, 63, 12, 18, 58, 58.0, 29.461656392831056
83, 61, 13, 18, 67, 59.0, 27.96201126522659
84, 77, 18, 17, 63, 63.0, 31.25071124048445
85, 66, 16, 22, 59, 59.0, 24.93268808162224
86, 57, 17, 20, 77, 57.0, 31.364484221412656
87, 56, 12, 18, 56, 55.0, 19.957461476576967
88, 62, 18, 16, 60, 60.0, 26.366058666140688
89, 71, 17, 18, 71, 68.0, 34.667752314979616
90, 77, 17, 24, 58, 58.0, 30.788418680012892
91, 67, 12, 17, 62, 62.0, 34.80257776084106
92, 76, 13, 24, 56, 56.0, 31.040231606976356
93, 75, 15, 18, 66, 66.0, 25.580401281098144
94, 84, 12, 16, 76, 74.0, 30.463675343757227
95, 77, 13, 16, 81, 74.0, 30.70201713818378
96, 70, 16, 23, 71, 69.0, 33.99323382217828
97, 65, 13, 16, 58, 57.0, 15.15964195866459
98, 58, 17, 23, 78, 57.0, 30.009726863120473
99, 65, 18, 17, 79, 65.0, 27.268099143526474
100, 69, 16, 23, 84, 69.0, 28.18199163766595
1, 36, 12, 8, 27, 27.0, 12.075262591046137
2, 31, 12, 6, 28, 28.0, 12.189070732832668
3, 28, 11, 5, 32, 20.0, 10.403501995345625
4, 24, 11, 7, 32, 23.0, 10.518977814958719
5, 35, 12, 5, 29, 27.0, 17.492028169383186
6, 36, 8, 5, 34, 25.0, 14.848915348890078
7, 34, 9, 6, 31, 22.0, 10.164118638716905
8, 26, 9, 5, 32, 22.0, 13.343584569943298
9, 36, 10, 8, 26, 26.0, 9.824866795865477
10, 36, 12, 7, 26, 26.0, 13.317503162189233
11, 26, 9, 6, 34, 24.0, 10.39647359727621
12, 25, 8, 6, 36, 25.0, 16.126925348024375
13, 34, 8, 8, 25, 25.0, 16.18628227485024
14, 24, 10, 6, 27, 23.0, 13.767104821575455
15, 34, 10, 6, 29, 29.0, 11.403725413868399
16, 25, 9, 6, 30, 23.0, 10.744751272333586
17, 34, 10, 5, 27, 14.0, 10.67059451558679
18, 30, 9, 5, 33, 28.0, 12.495692639203835
19, 28, 9, 5, 35, 18.0, 7.534143424273732
20, 24, 10, 7, 26, 24.0, 12.879190434324576
21, 24, 11, 5, 33, 23.0, 11.630161725763049
22, 36, 8, 8, 27, 27.0, 10.615965289892324
23, 32, 12, 7, 34, 32.0, 16.853470319444128
24, 28, 9, 6, 32, 21.0, 8.66237804948017
25, 26, 9, 5, 27, 26.0, 16.477492987821776
26, 35, 10, 6, 26, 26.0, 14.334477581051685
27, 26, 10, 7, 31, 26.0, 12.054584456199231
28, 32, 9, 8, 30, 28.0, 15.304290596820923
29, 28, 11, 8, 29, 28.0, 18.68572791003229
30, 31, 11, 7, 28, 27.0, 9.65613826979739
31, 29, 12, 8, 29, 25.0, 8.82876162475211
32, 25, 11, 7, 28, 23.0, 6.104242514241449
33, 27, 11, 8, 36, 24.0, 9.675442266575645
34, 36, 12, 5, 36, 18.0, 8.404702552231905
35, 33, 11, 5, 27, 27.0, 14.79430648545985
36, 24, 10, 8, 30, 23.0, 14.734226100394489
37, 24, 11, 7, 35, 24.0, 7.971319529012203
38, 33, 8, 7, 24, 24.0, 14.382904587758478
39, 36, 12, 5, 26, 19.0, 9.817817957704888
40, 34, 11, 7, 30, 30.0, 20.21095839392479
41, 25, 10, 8, 26, 23.0, 7.523277009839794
42, 34, 10, 5, 32, 23.0, 14.279139188953282
43, 24, 10, 5, 32, 22.0, 12.047159179943728
44, 29, 8, 7, 29, 27.0, 13.602433816903552
45, 27, 12, 8, 32, 27.0, 11.358405740316323
46, 25, 8, 5, 25, 20.0, 10.260746304786721
47, 24, 8, 6, 28, 20.0, 10.410941749414796
48, 35, 9, 5, 35, 31.0, 18.16852824126045
49, 36, 11, 8, 31, 31.0, 11.739111526376488
50, 31, 10, 5, 27, 25.0, 14.780496960887962
51, 35, 8, 8, 28, 28.0, 10.858962723328721
52, 26, 10, 8, 31, 26.0, 18.321855728950794
53, 36, 11, 7, 34, 34.0, 11.713616439255375
54, 32, 9, 5, 24, 24.0, 14.111336759937348
55, 32, 8, 6, 33, 31.0, 12.857813303085758
56, 25, 12, 6, 24, 24.0, 11.50405898667928
57, 30, 10, 7, 31, 29.0, 15.327842782323152
58, 36, 8, 7, 35, 26.0, 12.333149330839726
59, 31, 10, 6, 35, 27.0, 12.88497036478127
60, 32, 10, 8, 24, 24.0, 11.549452012602412
61, 26, 8, 8, 30, 25.0, 11.114832978033338
62, 26, 11, 8, 33, 26.0, 8.714205448726325
63, 33, 12, 6, 28, 28.0, 15.55627823936373
64, 29, 11, 7, 26, 25.0, 12.648961283341766
65, 29, 8, 7, 24, 24.0, 10.840350485789761
66, 28, 8, 7, 25, 24.0, 10.156607123353472
67, 30, 11, 5, 25, 25.0, 16.049097524300063
68, 32, 11, 8, 32, 30.0, 10.638018229137034
69, 36, 10, 7, 35, 35.0, 14.982301913438699
70, 34, 9, 8, 26, 26.0, 15.400120171091372
71, 30, 10, 7, 26, 26.0, 11.58418356112275
72, 24, 12, 8, 29, 22.0, 13.442572879619634
73, 32, 11, 7, 27, 27.0, 9.462984836141853
74, 31, 8, 8, 32, 28.0, 11.246411764735617
75, 28, 11, 8, 24, 24.0, 10.824729195639776
76, 33, 12, 8, 26, 26.0, 16.12117766701238
77, 33, 9, 7, 31, 27.0, 7.689225261159145
78, 26, 11, 8, 25, 25.0, 10.412191530045117
79, 30, 9, 6, 25, 25.0, 12.432894615263226
80, 36, 11, 6, 35, 31.0, 12.2085620049397
81, 26, 9, 8, 32, 26.0, 14.601876068515073
82, 25, 8, 6, 25, 23.0, 10.018314288982598
83, 29, 9, 5, 26, 26.0, 15.877438707922217
84, 29, 10, 6, 31, 29.0, 17.583045715025822
85, 33, 10, 6, 28, 28.0, 18.1813302940394
86, 24, 9, 6, 24, 17.0, 9.974414829910348
87, 36, 12, 8, 36, 29.0, 16.65567484867752
88, 25, 9, 6, 34, 21.0, 11.973760141061664
89, 24, 8, 7, 36, 24.0, 12.150607110098171
90, 36, 12, 7, 33, 29.0, 11.934936773301658
91, 28, 10, 5, 32, 20.0, 11.278682127361655
92, 35, 10, 7, 34, 32.0, 11.924852924674402
93, 31, 9, 6, 35, 26.0, 17.77535208708987
94, 27, 10, 6, 29, 27.0, 9.872000584006821
95, 28, 8, 6, 32, 25.0, 9.707572349933217
96, 36, 10, 6, 32, 21.0, 11.911364336721483
97, 24, 11, 8, 33, 23.0, 13.207217606098522
98, 25, 10, 8, 30, 25.0, 13.255656884695481
99, 35, 8, 7, 29, 29.0, 18.16093722838249
100, 31, 9, 7, 30, 30.0, 14.373291214159343
1, 56, 33, 24, 39, 39.0, 27.808013236995805
2, 54, 30, 20, 33, 33.0, 20.834518325587005
3, 52, 35, 18, 34, 34.0, 20.94039653123866
4, 42, 34, 25, 37, 37.0, 14.350608071887548
5, 46, 26, 24, 41, 41.0, 15.62697890336106
6, 42, 27, 22, 42, 42.0, 24.556633523320933
7, 57, 27, 18, 36, 36.0, 26.758496841790485
8, 51, 33, 25, 41, 41.0, 28.187924356246686
9, 59, 28, 25, 43, 43.0, 13.318659558745914
10, 56, 26, 22, 32, 32.0, 17.62487705075119
11, 43, 24, 23, 33, 33.0, 25.18721599120383
12, 47, 35, 17, 32, 32.0, 20.98416519253617
13, 48, 27, 18, 39, 39.0, 14.359859566318686
14, 49, 36, 19, 46, 46.0, 23.63261289592227
15, 48, 33, 19, 34, 34.0, 25.310642120055487
16, 47, 25, 20, 45, 44.0, 16.00259199859608
17, 60, 25, 25, 42, 42.0, 13.537686368739342
18, 60, 27, 26, 34, 34.0, 19.843526259221267
19, 58, 34, 23, 43, 43.0, 13.87391305359891
20, 50, 25, 25, 38, 38.0, 24.200889217570072
21, 59, 31, 17, 40, 40.0, 26.38040701782071
22, 52, 26, 25, 33, 33.0, 20.871009936134296
23, 52, 24, 25, 43, 43.0, 13.625708357585607
24, 40, 24, 17, 35, 35.0, 13.130230354157199
25, 42, 30, 21, 41, 39.0, 20.040841195519047
26, 43, 30, 18, 41, 41.0, 20.77650910441131
27, 58, 30, 17, 34, 34.0, 18.66670732752212
28, 47, 29, 20, 48, 47.0, 22.181457171165686
29, 58, 28, 17, 33, 33.0, 22.4867593740557
30, 45, 29, 17, 41, 41.0, 23.277294028685066
31, 51, 34, 24, 40, 40.0, 27.12204975204063
32, 60, 28, 26, 32, 32.0, 18.34408802336908
33, 48, 29, 24, 44, 44.0, 16.056528362977815
34, 52, 33, 25, 41, 41.0, 26.794842122851257
35, 58, 33, 18, 40, 40.0, 17.83069120263029
36, 47, 25, 20, 39, 39.0, 19.817812982558262
37, 51, 29, 17, 33, 33.0, 24.05571150574912
38, 50, 28, 21, 35, 35.0, 23.120932247354858
39, 55, 24, 24, 32, 32.0, 22.740786704070906
40, 51, 28, 25, 45, 44.0, 16.925668494002327
41, 49, 29, 21, 46, 46.0, 18.18624534752836
42, 60, 24, 22, 32, 32.0, 23.994949881675083
43, 44, 31, 19, 43, 43.0, 15.579717654419138
44, 57, 34, 20, 47, 47.0, 22.26510512681352
45, 40, 33, 19, 44, 39.0, 17.901803198343814
46, 45, 35, 18, 37, 37.0, 13.760926011383589
47, 55, 26, 21, 41, 41.0, 25.7215217609006
48, 40, 31, 21, 36, 36.0, 21.512788129814435
49, 60, 36, 26, 44, 44.0, 21.281173440701064
50, 47, 24, 17, 36, 36.0, 20.44567475405552
51, 42, 34, 19, 35, 35.0, 19.19432267124901
52, 42, 31, 17, 42, 39.0, 16.085269613397433
53, 57, 35, 20, 39, 39.0, 15.761847448504538
54, 57, 34, 22, 33, 33.0, 20.15510224095551
55, 53, 35, 21, 47, 47.0, 23.50748672429029
56, 45, 33, 20, 36, 36.0, 21.686492083759337
57, 59, 30, 24, 40, 40.0, 23.85570993889966
58, 55, 31, 22, 44, 44.0, 23.627123979830053
59, 60, 25, 26, 42, 42.0, 21.373775434242315
60, 58, 35, 26, 39, 39.0, 20.9270965783754
61, 47, 36, 25, 40, 40.0, 15.041899837417517
62, 49, 31, 18, 32, 32.0, 19.179480277770576
63, 47, 33, 25, 48, 46.0, 24.3329572219664
64, 52, 24, 17, 42, 42.0, 21.955991857409526
65, 54, 33, 20, 44, 44.0, 24.295442125184874
66, 55, 24, 18, 48, 48.0, 25.949151666769293
67, 46, 36, 26, 39, 39.0, 23.034869294994795
68, 47, 36, 18, 39, 39.0, 21.185655790189042
69, 41, 29, 20, 42, 41.0, 23.32121906946076
70, 56, 32, 21, 43, 43.0, 27.32938806630567
71, 54, 28, 18, 36, 36.0, 18.84292285737987
72, 54, 34, 22, 40, 40.0, 23.095357791452123
73, 50, 26, 21, 48, 47.0, 19.308615717470406
74, 48, 25, 22, 44, 44.0, 16.406046701997383
75, 42, 36, 24, 44, 41.0, 21.394816552473948
76, 51, 27, 23, 40, 40.0, 22.65608792581478
77, 49, 35, 26, 35, 35.0, 19.446822368399136
78, 40, 27, 24, 46, 40.0, 18.606725696427286
79, 47, 32, 17, 43, 43.0, 20.19089021286004
80, 43, 27, 23, 44, 40.0, 16.205268843862378
81, 40, 25, 23, 35, 35.0, 22.745202296802898
82, 44, 36, 17, 32, 32.0, 12.342922492356172
83, 49, 34, 19, 47, 46.0, 19.09145277184785
84, 57, 26, 22, 41, 41.0, 24.872797726454678
85, 55, 29, 20, 47, 47.0, 26.620445826594025
86, 43, 36, 20, 38, 38.0, 21.102341471579717
87, 60, 30, 23, 32, 32.0, 19.734605684322283
88, 58, 31, 17, 39, 39.0, 21.204948617423998
89, 59, 35, 17, 37, 37.0, 15.241748603551125
90, 54, 31, 25, 37, 37.0, 17.182274948241485
91, 59, 35, 25, 32, 32.0, 16.83007755544759
92, 55, 35, 19, 38, 38.0, 18.055805041778033
93, 44, 27, 18, 47, 43.0, 17.590122050268043
94, 53, 29, 17, 32, 32.0, 12.755530102578268
95, 45, 34, 25, 40, 40.0, 16.990312236862025
96, 42, 34, 26, 34, 34.0, 18.67019845574432
97, 54, 34, 25, 43, 43.0, 23.000925979510768
98, 50, 33, 25, 36, 36.0, 19.80550900031441
99, 54, 36, 22, 34, 34.0, 19.835085538351574
100, 49, 33, 20, 45, 45.0, 22.187208830638536
